
tournamentSize = 8
survivalThresh = 0.21856840618320944
speciesLimit = 8
speciesDropAge = 271
speciesThreshold = 3.119311608191623
mutationPower = 9.760885963281968
weightMutationRate = 0.9480729857020104
addLinkRate = 0.3147921222326585
addNodeRate = 0.051868249740407026
